%YAML:1.0
R: !!opencv-matrix
   rows: 3
   cols: 3
   dt: d
   data: [ 9.9975778456402520e-01, 5.3280254837414645e-03,
       -2.1353790016687697e-02, -4.9421184099906626e-03,
       9.9982425184764867e-01, 1.8084271699770324e-02,
       2.1446390588017859e-02, -1.7974358451251719e-02,
       9.9960841071342132e-01 ]
T: !!opencv-matrix
   rows: 3
   cols: 1
   dt: d
   data: [ -3.3399201152531757e+00, 4.8507736402975399e-02,
       -1.0711893668774142e-01 ]
R1: !!opencv-matrix
   rows: 3
   cols: 3
   dt: d
   data: [ 9.9989786826129434e-01, -9.7634734933372703e-03,
       1.0436840128329104e-02, 9.6693853278833012e-03,
       9.9991249735439836e-01, 9.0277694848455037e-03,
       -1.0524069265275411e-02, -8.9259296342450670e-03,
       9.9990478133983551e-01 ]
R2: !!opencv-matrix
   rows: 3
   cols: 3
   dt: d
   data: [ 9.9938079143508285e-01, -1.4514628591186124e-02,
       3.2052445576701137e-02, 1.4801825427016685e-02,
       9.9985223796944001e-01, -8.7411779258090728e-03,
       -3.1920834491215730e-02, 9.2102000175052160e-03,
       9.9944796389858237e-01 ]
P1: !!opencv-matrix
   rows: 3
   cols: 4
   dt: d
   data: [ 4.2957779130864674e+02, 0., 3.2136067581176758e+02, 0., 0.,
       4.2957779130864674e+02, 2.4114505577087402e+02, 0., 0., 0., 1.,
       0. ]
P2: !!opencv-matrix
   rows: 3
   cols: 4
   dt: d
   data: [ 4.2957779130864674e+02, 0., 3.2136067581176758e+02,
       -1.4356444696095384e+03, 0., 4.2957779130864674e+02,
       2.4114505577087402e+02, 0., 0., 0., 1., 0. ]
Q: !!opencv-matrix
   rows: 4
   cols: 4
   dt: d
   data: [ 1., 0., 0., -3.2136067581176758e+02, 0., 1., 0.,
       -2.4114505577087402e+02, 0., 0., 0., 4.2957779130864674e+02, 0.,
       0., 2.9922296251068470e-01, 0. ]
