%YAML:1.0
M1: !!opencv-matrix
   rows: 3
   cols: 3
   dt: d
   data: [ 5.3482123403392677e+02, 0., 3.3582663823481653e+02, 0.,
       5.3482123403392677e+02, 2.4020517027901585e+02, 0., 0., 1. ]
D1: !!opencv-matrix
   rows: 1
   cols: 8
   dt: d
   data: [ -2.6613513287516133e-01, -9.5210960842403186e-02, 0., 0., 0.,
       0., 0., -4.4567880984722474e-01 ]
M2: !!opencv-matrix
   rows: 3
   cols: 3
   dt: d
   data: [ 5.3482123403392677e+02, 0., 3.3476885474562687e+02, 0.,
       5.3482123403392677e+02, 2.4148504006263707e+02, 0., 0., 1. ]
D2: !!opencv-matrix
   rows: 1
   cols: 8
   dt: d
   data: [ -2.7657144308691711e-01, 7.6319783153393245e-02, 0., 0., 0.,
       0., 0., -6.2486379931404584e-03 ]
