%YAML:1.0
R: !!opencv-matrix
   rows: 3
   cols: 3
   dt: d
   data: [ 9.9976839428301345e-01, 4.8953218672938576e-03,
       -2.0956946738025929e-02, -4.5423599117149615e-03,
       9.9984759532284340e-01, 1.6856841150111556e-02,
       2.1036272464419782e-02, -1.6757743014596090e-02,
       9.9963826121745625e-01 ]
T: !!opencv-matrix
   rows: 3
   cols: 1
   dt: d
   data: [ -3.3399405188556264e+00, 4.6203253122712423e-02,
       -1.0532186303756108e-01 ]
R1: !!opencv-matrix
   rows: 3
   cols: 3
   dt: d
   data: [ 9.9990194208648708e-01, -9.4589586913046315e-03,
       1.0326389114676050e-02, 9.3722217822632178e-03,
       9.9992066419156267e-01, 8.4158648734339921e-03,
       -1.0405175180436810e-02, -8.3182584222914052e-03,
       9.9991126551623799e-01 ]
R2: !!opencv-matrix
   rows: 3
   cols: 3
   dt: d
   data: [ 9.9940764484627853e-01, -1.3825361298176728e-02,
       3.1515374149609920e-02, 1.4088613783184666e-02,
       9.9986756449835923e-01, -8.1464363857708631e-03,
       -3.1398572968899127e-02, 8.5856187368197022e-03,
       9.9947006796923277e-01 ]
P1: !!opencv-matrix
   rows: 3
   cols: 4
   dt: d
   data: [ 4.2007162436009668e+02, 0., 3.2207905578613281e+02, 0., 0.,
       4.2007162436009668e+02, 2.4325747489929199e+02, 0., 0., 0., 1.,
       0. ]
P2: !!opencv-matrix
   rows: 3
   cols: 4
   dt: d
   data: [ 4.2007162436009668e+02, 0., 3.2207905578613281e+02,
       -1.4038458143249331e+03, 0., 4.2007162436009668e+02,
       2.4325747489929199e+02, 0., 0., 0., 1., 0. ]
Q: !!opencv-matrix
   rows: 4
   cols: 4
   dt: d
   data: [ 1., 0., 0., -3.2207905578613281e+02, 0., 1., 0.,
       -2.4325747489929199e+02, 0., 0., 0., 4.2007162436009668e+02, 0.,
       0., 2.9922917465269955e-01, 0. ]
