%YAML:1.0
M1: !!opencv-matrix
   rows: 3
   cols: 3
   dt: d
   data: [ 5.3506874866991041e+02, 0., 3.3383310452275930e+02, 0.,
       5.3506874866991041e+02, 2.4154662532560414e+02, 0., 0., 1. ]
D1: !!opencv-matrix
   rows: 1
   cols: 8
   dt: d
   data: [ -2.8205272644218549e-01, 4.2690845004813877e-02, 0., 0., 0.,
       0., 0., -1.1079868848711563e-01 ]
M2: !!opencv-matrix
   rows: 3
   cols: 3
   dt: d
   data: [ 5.3506874866991041e+02, 0., 3.3259565395269766e+02, 0.,
       5.3506874866991041e+02, 2.4357287134116211e+02, 0., 0., 1. ]
D2: !!opencv-matrix
   rows: 1
   cols: 8
   dt: d
   data: [ -2.8998771847156141e-01, 1.3724501394879929e-01, 0., 0., 0.,
       0., 0., 8.1371893813818333e-02 ]
