%YAML:1.0
R: !!opencv-matrix
   rows: 3
   cols: 3
   dt: d
   data: [ 9.9954161474452785e-01, -1.0338017353266398e-02,
       2.8454978318484390e-02, 9.9137275799454101e-03,
       9.9983816851151486e-01, 1.5011821775195723e-02,
       -2.8605565881004415e-02, -1.4722845674093496e-02,
       9.9948234572496797e-01 ]
T: !!opencv-matrix
   rows: 3
   cols: 1
   dt: d
   data: [ 1.5073884417467891e+00, 8.8654493145833653e-04,
       -1.0471167782382119e-01 ]
R1: !!opencv-matrix
   rows: 3
   cols: 3
   dt: d
   data: [ 9.9912664827913777e-01, -8.7062657022049031e-03,
       -4.0867366394457920e-02, 9.0166808456031526e-03,
       9.9993183772836314e-01, 7.4175038730690717e-03,
       4.0800002022362579e-02, -7.7795137830761699e-03,
       9.9913704715633189e-01 ]
R2: !!opencv-matrix
   rows: 3
   cols: 3
   dt: d
   data: [ 9.9759578885644107e-01, 5.8671903390083253e-04,
       -6.9298613382019092e-02, -1.1137000465836129e-03,
       9.9997075643441791e-01, -7.5661052189650501e-03,
       6.9292147665529422e-02, 7.6250925734360174e-03,
       9.9756726902758042e-01 ]
P1: !!opencv-matrix
   rows: 3
   cols: 4
   dt: d
   data: [ 3.9065071281482449e+02, 0., 3.9462805938720703e+02, 0., 0.,
       3.9065071281482449e+02, 2.3996880912780762e+02, 0., 0., 0., 1.,
       0. ]
P2: !!opencv-matrix
   rows: 3
   cols: 4
   dt: d
   data: [ 3.9065071281482449e+02, 0., 3.9462805938720703e+02,
       5.9028153069113557e+02, 0., 3.9065071281482449e+02,
       2.3996880912780762e+02, 0., 0., 0., 1., 0. ]
Q: !!opencv-matrix
   rows: 4
   cols: 4
   dt: d
   data: [ 1., 0., 0., -3.9462805938720703e+02, 0., 1., 0.,
       -2.3996880912780762e+02, 0., 0., 0., 3.9065071281482449e+02, 0.,
       0., -6.6180405874706627e-01, 0. ]
