%YAML:1.0
M1: !!opencv-matrix
   rows: 3
   cols: 3
   dt: d
   data: [ 6.6174480087458926e+02, 0., 3.3194238235183155e+02, 0.,
       6.6174480087458926e+02, 2.3790773354630409e+02, 0., 0., 1. ]
D1: !!opencv-matrix
   rows: 1
   cols: 8
   dt: d
   data: [ -1.6706659364709045e-01, 1.8260813917229775e+00, 0., 0., 0.,
       0., 0., 5.3518679425100872e+00 ]
M2: !!opencv-matrix
   rows: 3
   cols: 3
   dt: d
   data: [ 6.5592703148570592e+02, 0., 3.0863463042597772e+02, 0.,
       6.5592703148570592e+02, 2.4585220247917360e+02, 0., 0., 1. ]
D2: !!opencv-matrix
   rows: 1
   cols: 8
   dt: d
   data: [ -9.4257177587625154e-02, 8.7945632960170128e-01, 0., 0., 0.,
       0., 0., 2.6045806854079667e+00 ]
